//=============================================================================
//Descripcion:
//Type: Dinamic - 1; Statiac - 2; Skill - 3;
//Size: Size of Effect in game
//Timer: LargeRand for SkillEffect
//Join(x): Posicion Effect in Model Pet
//=============================================================================
//Dynamic:
//ItemIndex	  Join	   Type(1) Effect Size	Timer	ColorR	ColorG	ColorB
//============================================================================= 
//HORSE OF GHOST - White
6858             42       1     32394   0.75    100     0.35     0.68     1.0
6858             52       1     32394   0.75    100     0.35     0.68     1.0
6858             74       1     32394   0.75    100     0.35     0.68     1.0
6858             85       1     32394   0.75    100     0.35     0.68     1.0
//Eye
6858             30       1     32394   0.4     100     1.0	  1.0	   1.0
6858             35       1     32394   0.4     100     1.0	  1.0	   1.0

//=============================================================================
//Static:
//ItemIndex	Join	Type(2)	Effect	Size	Timer	ColorR	ColorG	ColorB
//=============================================================================  
//HORSE OF GHOST - White
6858             17       2     32380   0.75     100      0.18    1.16    1.81
6858             18       2     32380   0.75     100      0.18    1.16    1.81
6858             23       2     32380   0.75     100      0.18    1.16    1.81
6858             28       2     32380   0.75     100      0.18    1.16    1.81
6858             29       2     32380   0.75     100      0.18    1.16    1.81
6858             33       2     32380   0.75     100      0.18    1.16    1.81
6858             34       2     32380   0.75     100      0.18    1.16    1.81
6858             63       2     32380   0.75     100      0.18    1.16    1.81
6858             96       2     32380   0.75     100      0.18    1.16    1.81
6858             97       2     32380   0.75     100      0.18    1.16    1.81
6858             98       2     32380   0.75     100      0.18    1.16    1.81
6858             99       2     32380   0.75     100      0.18    1.16    1.81
6858             103      2     32380   0.75     100      0.18    1.16    1.81
6858             31       2     32380   1.0      100      0.18    1.16    1.81
6858             64       2     32380   1.0      100      0.18    1.16    1.81
6858             65       2     32380   1.0      100      0.18    1.16    1.81
6858             66       2     32380   1.0      100      0.18    1.16    1.81
6858             90       2     32380   1.0      100      0.18    1.16    1.81
6858             42       2     32229   1.0      100      1.0     1.0     1.00
6858             52       2     32229   1.0      100      1.0     1.0     1.00
6858             74       2     32229   1.0      100      1.0     1.0     1.00
6858             85       2     32229   1.0      100      1.0     1.0     1.00
6858             43       2     32380   0.75     100      0.18    1.16    1.81
6858             44       2     32380   0.75     100      0.18    1.16    1.81
6858             45       2     32380   1.0      100      0.18    1.16    1.81
6858             53       2     32380   0.75     100      0.18    1.16    1.81
6858             54       2     32380   0.75     100      0.18    1.16    1.81
6858             58       2     32380   1.0      100      0.18    1.16    1.81
6858             75       2     32380   0.75     100      0.18    1.16    1.81
6858             76       2     32380   0.75     100      0.18    1.16    1.81
6858             77       2     32380   1.0      100      0.18    1.16    1.81
6858             86       2     32380   0.75     100      0.18    1.16    1.81
6858             87       2     32380   0.75     100      0.18    1.16    1.81
6858             88       2     32380   1.0      100      0.18    1.16    1.81
6858             78       2     32380   1.0      100      0.18    1.16    1.81
6858             89       2     32380   1.0      100      0.18    1.16    1.81
//
6858             42       2     32229   1.00     100      0.08    0.08    0.0
6858             52       2     32229   1.00     100      0.08    0.08    0.0
6858             74       2     32229   1.00     100      0.08    0.08    0.0
6858             85       2     32229   1.00     100      0.08    0.08    0.0
//=============================================================================
//Dynamic:
//ItemIndex		 Join	Type(1)	Effect	Size	Timer	ColorR	ColorG	ColorB
//============================================================================= 
//HORSE OF GHOST - Red
6859             42       1     32394   0.75    100     1.00     0.2     0.0
6859             52       1     32394   0.75    100     1.00     0.2     0.0
6859             74       1     32394   0.75    100     1.00     0.2     0.0
6859             85       1     32394   0.75    100     1.00     0.2     0.0
//Eye
6859             30       1     32394   0.4     100     1.00     0.2     0.0
6859             35       1     32394   0.4     100     1.00     0.2     0.0
//=============================================================================
//Static:
//ItemIndex	Join	Type(2)	Effect	Size	Timer	ColorR	ColorG	ColorB
//=============================================================================  
//HORSE OF GHOST - Red
6859             30       2     32002   0.75     100      1.0     0.3     0.0
6859             35       2     32002   0.75     100      1.0     0.3     0.0
6859             17       2     32380   0.75     100      1.0     0.4     0.0
6859             18       2     32380   0.75     100      1.0     0.4     0.0
6859             23       2     32380   0.75     100      1.0     0.4     0.0
6859             28       2     32380   0.75     100      1.0     0.4     0.0
6859             29       2     32380   0.75     100      1.0     0.4     0.0
6859             33       2     32380   0.75     100      1.0     0.4     0.0
6859             34       2     32380   0.75     100      1.0     0.4     0.0
6859             63       2     32380   0.75     100      1.0     0.4     0.0
6859             96       2     32380   0.75     100      1.0     0.4     0.0
6859             97       2     32380   0.75     100      1.0     0.4     0.0
6859             98       2     32380   0.75     100      1.0     0.4     0.0
6859             99       2     32380   0.75     100      1.0     0.4     0.0
6859             103      2     32380   0.75     100      1.0     0.4     0.0
6859             31       2     32380   1.00     100      1.0     0.4     0.0
6859             64       2     32380   1.00     100      1.0     0.4     0.0
6859             65       2     32380   1.00     100      1.0     0.4     0.0
6859             66       2     32380   1.00     100      1.0     0.4     0.0
6859             90       2     32380   1.00     100      1.0     0.4     0.0
6859             43       2     32380   0.75     100      1.0     0.4     0.0
6859             44       2     32380   0.75     100      1.0     0.4     0.0
6859             45       2     32380   1.00     100      1.0     0.4     0.0
6859             53       2     32380   0.75     100      1.0     0.4     0.0
6859             54       2     32380   0.75     100      1.0     0.4     0.0
6859             58       2     32380   1.00     100      1.0     0.4     0.0
6859             75       2     32380   0.75     100      1.0     0.4     0.0
6859             76       2     32380   0.75     100      1.0     0.4     0.0
6859             77       2     32380   1.00     100      1.0     0.4     0.0
6859             86       2     32380   0.75     100      1.0     0.4     0.0
6859             87       2     32380   0.75     100      1.0     0.4     0.0
6859             88       2     32380   1.00     100      1.0     0.4     0.0
6859             78       2     32380   1.00     100      1.0     0.4     0.0
6859             89       2     32380   1.00     100      1.0     0.4     0.0
//
6859             42       2     32229   1.00     100      1.0     0.2     0.0
6859             52       2     32229   1.00     100      1.0     0.2     0.0
6859             74       2     32229   1.00     100      1.0     0.2     0.0
6859             85       2     32229   1.00     100      1.0     0.2     0.0
//Fierce Lion (fiercelion.bmd)
//Static
    	6856	41 	2	32501	0.125	100	0.8     0.25    1.0
    	6856	41 	2	32002	0.5  	100	0.8     0.25    1.0
    	6856	42 	2	32501	0.125	100	0.8     0.25    1.0
    	6856	42 	2	32002	0.5  	100	0.8     0.25    1.0
    	6856	40 	2	32002	3.25 	100	0.2     0.3     0.6
	6856	43 	2	32002	3.25 	100	0.2     0.3     0.6
	6856	44 	2	32002	3.25 	100	0.2     0.3     0.6
	6856	105	2	32002	3.25 	100	0.2     0.3     0.6
	6856	107	2	32002	3.25 	100	0.2     0.3     0.6
	6856	108	2	32002	3.25 	100	0.2     0.3     0.6
	6856	148	2	32002	3.25 	100	0.2     0.3     0.6
	6856	156	2	32002	3.25 	100	0.2     0.3     0.6
	6856	157	2	32002	3.25 	100	0.2     0.3     0.6
	6856	58 	2	32002	2.0  	100	0.2     0.3     0.6
	6856	62 	2	32002	2.0  	100	0.2     0.3     0.6
	6856	63 	2	32002	2.0  	100	0.2     0.3     0.6
	6856	89 	2	32002	2.0  	100	0.2     0.3     0.6
	6856	125	2	32002	2.0  	100	0.2     0.3     0.6
	6856	126	2	32002	2.0  	100	0.2     0.3     0.6
	6856	127	2	32002	2.0  	100	0.2     0.3     0.6
	6856	91 	2	32002	2.0  	100	0.2     0.3     0.6
	6856	106	2	32002	2.0  	100	0.2     0.3     0.6
	6856	77 	2	32002	2.0  	100	0.2     0.3     0.6
	6856	81 	2	32002	2.0  	100	0.2     0.3     0.6
	6856	82 	2	32002	2.0  	100	0.2     0.3     0.6
	6856	90 	2	32002	2.0  	100	0.2     0.3     0.6
	6856	144	2	32002	2.0  	100	0.2     0.3     0.6
	6856	145	2	32002	2.0  	100	0.2     0.3     0.6
	6856	146	2	32002	2.0  	100	0.2     0.3     0.6
	6856	155	2	32002	2.0  	100	0.2     0.3     0.6
	6856	155	2	32002	0.8  	100	0.2     0.3     0.6
	6856	154	2	32002	0.8  	100	0.2     0.3     0.6
	6856	48 	2	32229	1.15 	100	0.5     0.5     0.5
	6856	67 	2	32229	1.15 	100	0.5     0.5     0.5
	6856	112	2	32229	1.15 	100	0.5     0.5     0.5
	6856	131	2	32229	1.15 	100	0.5     0.5     0.5
	6856	50 	2	32229	1.15 	100	0.5     0.5     0.5
	6856	53 	2	32229	1.15 	100	0.5     0.5     0.5
	6856	56 	2	32229	1.15 	100	0.5     0.5     0.5
	6856	69 	2	32229	1.15 	100	0.5     0.5     0.5
	6856	72 	2	32229	1.15 	100	0.5     0.5     0.5
	6856	75 	2	32229	1.15 	100	0.5     0.5     0.5
	6856	114	2	32229	1.15 	100	0.5     0.5     0.5
	6856	117	2	32229	1.15 	100	0.5     0.5     0.5
	6856	120	2	32229	1.15 	100	0.5     0.5     0.5
	6856	133	2	32229	1.15 	100	0.5     0.5     0.5
	6856	136	2	32229	1.15 	100	0.5     0.5     0.5
	6856	139	2	32229	1.15 	100	0.5     0.5     0.5
//Fierce Lion (fiercelion.bmd)
//Dynamic
	6856	58 	1	32394	1.0	100	0.6     0.6     0.8	
	6856	77 	1	32394	1.0	100	0.6     0.6     0.8
	6856	145	1	32394	1.0	100	0.6     0.6     0.8
	6856	125	1	32394	1.0	100	0.6     0.6     0.8	
	6856	155	1	32394	1.0	100	0.6     0.6     0.8	

//Fierce Lion Rare (fiercelionR.bmd)		
//Static
   	6857	41 	2	32501	0.125	100	0.8     0.25    1.0
    	6857	41 	2	32002	0.5  	100	0.8     0.25    1.0
   	6857	42 	2	32501	0.125	100	0.8     0.25    1.0
   	6857	42 	2	32002	0.5  	100	0.8     0.25    1.0
    	6857	40 	2	32002	3.25 	100	1.0     0.8     0.4
	6857	43 	2	32002	3.25 	100	1.0     0.8     0.4
	6857	44 	2	32002	3.25 	100	1.0     0.8     0.4
	6857	105	2	32002	3.25 	100	1.0     0.8     0.4
	6857	107	2	32002	3.25 	100	1.0     0.8     0.4
	6857	108	2	32002	3.25 	100	1.0     0.8     0.4
	6857	148	2	32002	3.25 	100	1.0     0.8     0.4
	6857	156	2	32002	3.25 	100	1.0     0.8     0.4
	6857	157	2	32002	3.25 	100	1.0     0.8     0.4
	6857	58 	2	32002	2.0  	100	1.0     0.8     0.4
	6857	62 	2	32002	2.0  	100	1.0     0.8     0.4
	6857	63 	2	32002	2.0  	100	1.0     0.8     0.4
	6857	89 	2	32002	2.0  	100	1.0     0.8     0.4
	6857	125	2	32002	2.0  	100	1.0     0.8     0.4
	6857	126	2	32002	2.0  	100	1.0     0.8     0.4
	6857	127	2	32002	2.0  	100	1.0     0.8     0.4
	6857	91 	2	32002	2.0  	100	1.0     0.8     0.4
	6857	106	2	32002	2.0  	100	1.0     0.8     0.4
	6857	77 	2	32002	2.0  	100	1.0     0.8     0.4
	6857	81 	2	32002	2.0  	100	1.0     0.8     0.4
	6857	82 	2	32002	2.0  	100	1.0     0.8     0.4
	6857	90 	2	32002	2.0  	100	1.0     0.8     0.4
	6857	144	2	32002	2.0  	100	1.0     0.8     0.4
	6857	145	2	32002	2.0  	100	1.0     0.8     0.4
	6857	146	2	32002	2.0  	100	1.0     0.8     0.4
	6857	155	2	32002	2.0  	100	1.0     0.8     0.4
	6857	155	2	32002	0.8  	100	1.0     0.8     0.4
	6857	154	2	32002	0.8  	100	1.0     0.8     0.4
	6857	48 	2	32431	1.15 	100	0.5     0.5     0.5
	6857	67 	2	32431	1.15 	100	0.5     0.5     0.5
	6857	112	2	32431	1.15 	100	0.5     0.5     0.5
	6857	131	2	32431	1.15 	100	0.5     0.5     0.5
	6857	50 	2	32431	1.15 	100	0.5     0.5     0.5
	6857	53 	2	32431	1.15 	100	0.5     0.5     0.5
	6857	56 	2	32431	1.15 	100	0.5     0.5     0.5
	6857	69 	2	32431	1.15 	100	0.5     0.5     0.5
	6857	72 	2	32431	1.15 	100	0.5     0.5     0.5
	6857	75 	2	32431	1.15 	100	0.5     0.5     0.5
	6857	114	2	32431	1.15 	100	0.5     0.5     0.5
	6857	117	2	32431	1.15 	100	0.5     0.5     0.5
	6857	120	2	32431	1.15 	100	0.5     0.5     0.5
	6857	133	2	32431	1.15 	100	0.5     0.5     0.5
	6857	136	2	32431	1.15 	100	0.5     0.5     0.5
	6857	139	2	32431	1.15 	100	0.5     0.5     0.5
//Fierce Lion Rare (fiercelionR.bmd)
//Dynamic		
	6857	58 	1	32392	1.0	100	1.00     1.00     1.00
	6857	77 	1	32392	1.0	100	1.00     1.00     1.00
	6857	145	1	32392	1.0	100	1.00     1.00     1.00
	6857	125	1	32392	1.0	100	1.00     1.00     1.00
	6857	155	1	32392	1.0	100	1.00     1.00     1.00
//=============================================================================
//ICE DRAGON
//=============================================================================
//Dynamic:
//ItemIndex	Join	Type(1)	Effect	Size	Timer	ColorR	ColorG	ColorB
//=============================================================================  
6860        18      1       32049	4.5     100     0.0     0.0     1.0
6860        60      1       32049	4.5     100     0.0     0.0     1.0

6860        11      1       32101	0.5     200     0.5     0.5     0.5
6860        18      1       32355	20      100     0.3     0.3     1.0
6860        60      1       32355	20      100     0.3     0.3     1.0
6860        102     1       32355	10      100     0.3     0.3     1.0
6860        120     1       32355	10      100     0.3     0.3     1.0

6860        18      1       32387	1       100     0.64    0.808   1.00
6860        60      1       32387	1       100     0.64    0.808   1.00
6860        102     1       32387	0.5     100     0.64    0.808   1.00
6860        120     1       32387	0.5     100     0.64    0.808   1.00
//=============================================================================
//Static:
//ItemIndex	Join	Type(2)	Effect	Size	Timer	ColorR	ColorG	ColorB
//=============================================================================   
6860        18      2       32229   1.3     100     1.00    1.00    1.00
6860        60      2       32229   1.3     100     1.00    1.00    1.00

6860        13      2       32380   0.5     100     1.00    0.0     0.0
6860        14      2       32380   0.5     100     1.00    0.0     0.0
6860        13      2       32380   0.30    100     1.00    0.0     0.0
6860        14      2       32380   0.30    100     1.00    0.0     0.0

6860        13      2       32231   0.20    100     1.00    1.0     1.0
6860        14      2       32231   0.20    100     1.00    1.0     1.0 

6860        13      2       32501   0.35    100     1.00    0.0     0.0
6860        14      2       32501   0.35    100     1.00    0.0     0.0	  
6860        13      2       32501   0.30    100     1.00    0.0     0.0
6860        14      2       32501   0.30    100     1.00    0.0     0.0	 
//=============================================================================
//ICE DRAGON RARE
//=============================================================================
//Dynamic:
//ItemIndex	Join	Type(1)	Effect	Size	Timer	ColorR	ColorG	ColorB
//=============================================================================  
6861        18      1       32049	4.5     100     1.0     0.0     0.0
6861        60      1       32049	4.5     100     1.0     0.0     0.0

6861        11      1       32101	0.5     200     0.5     0.5     0.5

6861        18      1       32355	20      100     1.0     0.5667  0.0
6861        60      1       32355	20      100     1.0     0.5667  0.0

6861        102     1       32355	20      100     1.0     0.5667  0.0
6861        120     1       32355	20      100     1.0     0.5667  0.0
6861        18      1       32387	1       100     1.00    0.3     0.3
6861        60      1       32387	1       100     1.00    0.3     0.3
6861        102     1       32387	0.5     100     1.00    0.3     0.3
6861        120     1       32387	0.5     100     1.00    0.3     0.3
//=============================================================================
//Static:
//ItemIndex	Join	Type(2)	Effect	Size	Timer	ColorR	ColorG	ColorB
//=============================================================================   
6861        18      2       32231   2.5     100     1.00    1.00    1.00
6861        60      2       32231   2.5     100     1.00    1.00    1.00
6861        56      2       32231   2.8     100     1.00    1.00    1.00
6861        98      2       32231   2.8     100     1.00    1.00    1.00

6861        13      2       32380   0.5     100     0.2     0.2     1.0
6861        14      2       32380   0.5     100     0.2     0.2     1.0
6861        13      2       32380   0.30    100     0.2     0.2     1.0
6861        14      2       32380   0.30    100     0.2     0.2     1.0

6861        13      2       32231   0.20    100     0.10    0.1     1.0
6861        14      2       32231   0.20    100     0.10    0.1     1.0

6861        13      2       32501   0.35    100     0.00    0.0     1.0
6861        14      2       32501   0.35    100     0.00    0.0     1.0
6861        13      2       32501   0.30    100     0.00    0.0     1.0
6861        14      2       32501   0.30    100     0.00    0.0     1.0
end